$ 1 0.000005 10.20027730826997 50 5 43
a -64 208 64 208 8 15 -15 1000000 -0.000005502168863878365 0 100000
r -64 224 -112 304 0 1000
r -64 192 -256 192 0 1000
w 64 208 64 128 0
w -64 128 -64 192 0
c 64 128 -64 128 0 0.000001 0.5502223885567004
172 -256 352 -336 352 0 7 -0.15999999999999992 2 -2 0 0.5 Voltage
c -160 352 -256 352 0 0.000001 0.16000000009264495
w -64 288 -64 352 0
r 64 288 -64 288 0 1000
w 64 368 64 288 0
r -64 352 -160 352 0 1000
r -64 384 -112 448 0 1000
g -160 528 -160 544 0
a -64 368 64 368 8 15 -15 1000000 9.264318074413977e-16 0 100000
w -112 304 -160 304 0
w -160 304 -160 448 0
w -160 448 -112 448 0
w -256 352 -256 192 0
w 64 208 144 208 0
w 64 368 144 368 0
t -176 512 -112 512 0 1 -10.159999999899007 -0.11937009216809916 100
R -64 448 -32 416 0 0 40 10 0 0 0.5
w -160 448 -160 528 0
w -256 352 -256 512 0
w -256 512 -176 512 0
w -112 528 144 528 0
R 480 288 512 256 0 0 40 2 0 0 0.5
t 368 352 432 352 0 1 0 0 100
t 368 192 432 192 0 1 0 0 100
R 480 128 512 96 0 0 40 2 0 0 0.5
r 480 288 432 336 0 1000
r 480 128 432 176 0 1000
r -64 448 -112 496 0 1000
o 26 64 0 4099 2.5 0.00009765625 0 2 26 3 Controle\sProporcional
o 20 64 0 4099 2.5 0.00009765625 1 2 20 3 Controle\sDerivado
o 19 64 0 4099 20 0.00009765625 2 2 19 3 Controle\sIntegral
